0.707107
0.706415
0.704342
0.700902
0.696114
0.690006
0.682613
0.673978
0.664150
0.653186
0.641145
0.628095
0.614106
0.599254
0.583617
0.567277
0.550314
0.532815
0.514862
0.496542
0.477935
0.459127
0.440195
0.421218
0.402271
0.383424
0.364745
0.346297
0.328139
0.310325
0.292904
0.275919
0.259411
0.243414
0.227956
0.213062
0.198751
0.185039
0.171936
0.159448
0.147578
0.136324
0.125682
0.115645
0.106200
0.097336
0.089037
0.081287
0.074066
0.067354
0.061131
0.055374
0.050061
0.045170
0.040676
0.036558
0.032793
0.029358
0.026231
0.023391
0.020818
0.018492
0.016394
0.014505
0.012809
0.011289
0.009929
0.008717
0.007637
0.006679
0.005829
0.005077
0.004414
0.003829
0.003316
0.002866
0.002472
0.002128
0.001828
0.001568
0.001342
0.001146
0.000977
0.000831
0.000706
0.000598
0.000506
0.000427
0.000360
0.000303
0.000254
0.000213
0.000178
0.000148
0.000123
0.000103
0.000085
0.000070
0.000058
0.000048
0.000039
0.000032
0.000027
0.000022
0.000018
0.000014
0.000012
0.000010
0.000008
0.000006
0.000005
0.000004
0.000003
0.000003
0.000002
0.000002
0.000001
0.000001
0.000001
0.000001
0.000001
0.000000
0.000000
0.000000
0.000000
0.000000
0.000000
0.000000
0.000000
0.000000
0.000000
0.000000
0.000000
0.000000
0.000000
0.000000
0.000001
0.000001
0.000001
0.000001
0.000001
0.000002
0.000002
0.000003
0.000003
0.000004
0.000005
0.000006
0.000008
0.000010
0.000012
0.000014
0.000018
0.000022
0.000027
0.000032
0.000039
0.000048
0.000058
0.000070
0.000085
0.000103
0.000123
0.000148
0.000178
0.000213
0.000254
0.000303
0.000360
0.000427
0.000506
0.000598
0.000706
0.000831
0.000977
0.001146
0.001342
0.001568
0.001828
0.002128
0.002472
0.002866
0.003316
0.003829
0.004414
0.005077
0.005829
0.006679
0.007637
0.008717
0.009929
0.011289
0.012809
0.014505
0.016394
0.018492
0.020818
0.023391
0.026231
0.029358
0.032793
0.036558
0.040676
0.045170
0.050061
0.055374
0.061131
0.067354
0.074066
0.081287
0.089037
0.097336
0.106200
0.115645
0.125682
0.136324
0.147578
0.159448
0.171936
0.185039
0.198751
0.213062
0.227956
0.243414
0.259411
0.275919
0.292904
0.310325
0.328139
0.346297
0.364745
0.383424
0.402271
0.421218
0.440195
0.459127
0.477935
0.496542
0.514862
0.532815
0.550314
0.567277
0.583617
0.599254
0.614106
0.628095
0.641145
0.653186
0.664150
0.673978
0.682613
0.690006
0.696114
0.700902
0.704342
0.706415
