1.237389
1.269301
1.237139
1.269813
1.236339
1.270943
1.234813
1.272963
1.232149
1.276506
1.227342
1.283247
1.217394
1.299158
1.188247
1.369352
0.594915
-0.107916
0.056915
-0.037652
0.027672
-0.021612
0.017560
-0.014671
0.012514
-0.010846
0.009521
-0.008445
0.007557
-0.006811
0.006178
-0.005635
0.005164
-0.004753
0.004391
-0.004071
0.003785
-0.003530
0.003300
-0.003092
0.002903
-0.002732
0.002575
-0.002431
0.002299
-0.002177
0.002064
-0.001960
0.001863
-0.001773
0.001689
-0.001611
0.001537
-0.001469
0.001404
-0.001344
0.001286
-0.001233
0.001182
-0.001134
0.001088
-0.001045
0.001004
-0.000965
0.000928
-0.000893
0.000860
-0.000828
0.000797
-0.000768
0.000740
-0.000713
0.000688
-0.000663
0.000640
-0.000617
0.000595
-0.000574
0.000554
-0.000535
0.000516
-0.000498
0.000480
-0.000463
0.000447
-0.000431
0.000416
-0.000401
0.000387
-0.000373
0.000359
-0.000346
0.000333
-0.000320
0.000308
-0.000296
0.000285
-0.000273
0.000262
-0.000251
0.000241
-0.000230
0.000220
-0.000210
0.000201
-0.000191
0.000182
-0.000172
0.000163
-0.000154
0.000145
-0.000137
0.000128
-0.000120
0.000111
-0.000103
0.000095
-0.000086
0.000078
-0.000070
0.000062
-0.000055
0.000047
-0.000039
0.000031
-0.000023
0.000015
-0.000008
-0.000000
-0.000008
0.000015
-0.000023
0.000031
-0.000039
0.000047
-0.000055
0.000062
-0.000070
0.000078
-0.000086
0.000095
-0.000103
0.000111
-0.000120
0.000128
-0.000137
0.000145
-0.000154
0.000163
-0.000172
0.000182
-0.000191
0.000201
-0.000210
0.000220
-0.000230
0.000241
-0.000251
0.000262
-0.000273
0.000285
-0.000296
0.000308
-0.000320
0.000333
-0.000346
0.000359
-0.000373
0.000387
-0.000401
0.000416
-0.000431
0.000447
-0.000463
0.000480
-0.000498
0.000516
-0.000535
0.000554
-0.000574
0.000595
-0.000617
0.000640
-0.000663
0.000688
-0.000713
0.000740
-0.000768
0.000797
-0.000828
0.000860
-0.000893
0.000928
-0.000965
0.001004
-0.001045
0.001088
-0.001134
0.001182
-0.001233
0.001286
-0.001344
0.001404
-0.001469
0.001537
-0.001611
0.001689
-0.001773
0.001863
-0.001960
0.002064
-0.002177
0.002299
-0.002431
0.002575
-0.002732
0.002903
-0.003092
0.003300
-0.003530
0.003785
-0.004071
0.004391
-0.004753
0.005164
-0.005635
0.006178
-0.006811
0.007557
-0.008445
0.009521
-0.010846
0.012514
-0.014671
0.017560
-0.021612
0.027672
-0.037652
0.056915
-0.107916
0.594915
1.369352
1.188247
1.299158
1.217394
1.283247
1.227342
1.276506
1.232149
1.272963
1.234813
1.270943
1.236339
1.269813
1.237139
1.269301
